num_vertices=9
Network Diameter is = 3
***Distance matrix**
0  1  2  2  2  1  2  1  1  
1  0  1  1  2  2  2  2  1  
2  1  0  1  1  2  2  3  2  
2  1  1  0  1  1  2  2  2  
2  2  1  1  0  1  1  2  2  
1  2  2  1  1  0  1  1  2  
2  2  2  2  1  1  0  1  1  
1  2  3  2  2  1  1  0  1  
1  1  2  2  2  2  1  1  0  


***Parents**
0  0  1  1  5  0  5  0  0  
1  1  1  1  2  0  8  0  1  
1  2  2  2  2  3  4  5  1  
1  3  3  3  3  3  4  5  1  
5  2  4  4  4  4  4  5  6  
5  0  3  5  5  5  5  5  6  
7  8  4  4  6  6  6  6  6  
7  8  1  5  5  7  7  7  7  
8  8  1  1  6  0  8  8  8  
