***Routing table length histogram**
Length : Freq 
    0  :     3 
    1  :     5 
    2  :     1 
    3  :     2 
    5  :     3 
    6  :     1 
    7  :     2 
   10  :     3 
   13  :     1 
   14  :     3 
   16  :     1 
   20  :     1 
   21  :     1 
   22  :     1 
   24  :     1 
   26  :     1 

***Routing table width histogram**
Width : Freq 
    1 :   213 
    2 :    43 
    3 :     6 

***Routing table max width histogram**
Max width : Num of pairs 
    0     :     3 
    1     :    14 
    2     :     9 
    3     :     4 

***Distance distribution/histogram**
Distance : Num of pairs 
    0    :    50 
    1    :   137 
    2    :   298 
    3    :   438 
    4    :   443 
    5    :   394 
    6    :   288 
    7    :   156 
    8    :    77 
    9    :    21 
   10    :     3 
32767    :   195 

num_vertices = 50 
Network Diameter is 32767 
***Distance matrix**
#            Nd/Tg    1 : Nd/Tg    2 : Nd/Tg    3 : Nd/Tg    4 : Nd/Tg    5 : Nd/Tg    6 : Nd/Tg    7 : Nd/Tg    8 : Nd/Tg    9 : Nd/Tg   10 : Nd/Tg   11 : Nd/Tg   12 : Nd/Tg   13 : Nd/Tg   14 : Nd/Tg   15 : Nd/Tg   16 : Nd/Tg   17 : Nd/Tg   18 : Nd/Tg   19 : Nd/Tg   20 : Nd/Tg   21 : Nd/Tg   22 : Nd/Tg   23 : Nd/Tg   24 : Nd/Tg   25 : Nd/Tg   26 : Nd/Tg   27 : Nd/Tg   28 : Nd/Tg   29 : Nd/Tg   30 : Nd/Tg   31 : Nd/Tg   32 : Nd/Tg   33 : Nd/Tg   34 : Nd/Tg   35 : Nd/Tg   36 : Nd/Tg   37 : Nd/Tg   38 : Nd/Tg   39 : Nd/Tg   40 : Nd/Tg   41 : Nd/Tg   42 : Nd/Tg   43 : Nd/Tg   44 : Nd/Tg   45 : Nd/Tg   46 : Nd/Tg   47 : Nd/Tg   48 : Nd/Tg   49 : Nd/Tg   50 : 
Nd/Tg   1 :        0            1            1            1            2            2            2            2            2            2            3            2            1            3            3            2            3            2            2            3            3            2            3            1            2            2            2            3            2            3            3            3            1            4            3            3            3            2            3            3            3            3            3            2            1            1            2            3            3            2    
Nd/Tg   2 :        3            0            1            1            2            2            2            1            2            2            3            2            3            2            2            2            3            2            2            3            3            2            3            4            2            2            3            3            2            3            3            3            2            4            3            3            3            3            3            3            3            3            3            1            3            4            3            3            3            3    
Nd/Tg   3 :        5            3            0            4            1            2            3            4            1            1            2            1            2            2            2            1            2            1            2            2            2            3            2            3            1            1            3            2            3            2            2            2            5            3            2            3            2            3            2            2            3            2            2            2            4            4            3            2            2            3    
Nd/Tg   4 :        2            3            3            0            1            1            1            1            2            2            2            2            3            2            2            2            2            2            1            3            3            1            3            3            2            3            3            3            1            2            2            2            1            3            2            2            3            3            3            3            2            3            3            3            2            3            2            3            3            3    
Nd/Tg   5 :        4            5            5            5            0            1            2            6            3            3            1            3            3            1            1            3            2            4            4            2            4            2            4            5            1            3            2            4            3            3            4            3            5            4            1            2            3            2            4            4            4            3            4            4            4            3            3            3            2            2    
Nd/Tg   6 :        6            4            5            5            2            0            1            5            2            2            1            2            3            3            3            2            1            3            3            3            3            2            3            4            3            2            4            3            4            2            3            2            6            3            1            1            2            4            3            3            3            2            3            3            5            5            2            2            3            4    
Nd/Tg   7 :        5            3            4            4            5            4            0            4            1            1            5            1            2            5            3            1            2            2            2            2            2            5            2            3            5            3            4            2            3            2            2            1            5            3            5            3            2            3            2            2            3            2            2            2            4            5            1            2            2            3    
Nd/Tg   8 :        4            5            5            5            6            6            3            0            3            4            7            4            3            1            1            4            4            1            5            2            4            6            5            5            6            5            2            4            3            5            5            2            5            5            7            6            5            2            5            4            6            4            5            5            4            3            4            4            2            2    
Nd/Tg   9 :        5            5            6            6            7            5            3            6            0            3            6            2            1            7            2            3            1            5            3            3            1            7            2            2            7            2            3            1            4            3            4            4            6            2            6            4            2            2            2            1            4            1            3            4            5            4            2            1            1            2    
Nd/Tg  10 :        9            8            9            9            7            5            6            9            4            0            6            6            5            8            6            6            2            8            2            7            5            7            6            6            8            3            7            4            8            3            1            7           10            4            6            4            1            6            5            5            3            3            7            7            9            8            6            3            5            6    
Nd/Tg  11 :    32767        32767        32767        32767        32767        32767        32767        32767        32767        32767            0        32767        32767        32767        32767        32767        32767        32767        32767        32767        32767            1        32767        32767        32767        32767        32767        32767        32767        32767        32767        32767        32767        32767        32767        32767        32767        32767        32767        32767        32767        32767        32767        32767        32767        32767        32767        32767        32767        32767    
Nd/Tg  12 :        4            5            5            5            6            4            5            6            2            3            5            0            3            7            4            5            3            6            1            1            1            6            2            2            6            4            5            3            2            2            2            6            5            2            5            3            4            4            4            1            2            3            1            6            3            5            4            3            3            4    
Nd/Tg  13 :        5            5            6            6            7            6            2            6            3            3            7            3            0            7            2            3            4            4            4            4            4            7            4            5            7            5            3            4            5            4            4            3            6            5            7            5            4            1            4            4            5            4            4            4            6            4            1            4            3            1    
Nd/Tg  14 :        3            4            4            4            5            5            5            5            5            5            6            5            4            0            6            5            6            5            5            1            6            5            6            4            5            5            1            6            2            6            6            6            4            7            6            6            6            5            6            6            6            6            6            5            3            2            5            6            6            5    
Nd/Tg  15 :        3            4            4            4            5            5            4            5            2            5            6            4            2            6            0            5            3            5            5            5            3            5            4            4            5            4            1            3            5            5            6            5            4            4            6            6            4            1            4            3            6            3            5            5            4            2            3            3            1            1    
Nd/Tg  16 :        5            2            3            3            4            3            4            3            4            4            4            3            5            4            4            0            4            4            3            4            3            4            1            4            4            4            5            2            4            1            4            5            4            2            4            2            5            5            1            4            2            5            2            1            5            6            5            5            5            5    
Nd/Tg  17 :        7            6            7            7            8            7            5            7            2            2            8            4            3            8            4            4            0            7            4            5            3            8            4            4            8            1            5            2            6            5            3            6            8            4            8            6            1            4            3            3            5            1            5            5            7            6            4            1            3            4    
Nd/Tg  18 :        7            5            6            6            7            6            2            6            3            3            7            3            4            7            5            3            4            0            4            4            4            7            4            5            7            5            6            4            5            4            4            1            7            5            7            5            4            5            4            4            5            4            4            4            6            7            3            4            4            5    
Nd/Tg  19 :        9            7            8            8            5            3            4            8            5            2            4            5            6            6            6            5            4            6            0            6            3            5            4            4            6            5            7            6            7            1            1            5            9            2            4            2            3            7            6            6            1            5            5            6            8            8            5            5            6            7    
Nd/Tg  20 :        3            4            4            4            5            5            5            5            5            5            6            5            4            6            6            5            6            5            5            0            6            5            6            4            5            5            5            6            1            6            6            6            4            7            6            6            6            5            6            6            6            6            6            5            2            4            5            6            6            5    
Nd/Tg  21 :        7            8            8            8            6            4            5            9            5            6            5            3            6            7            7            6            5            7            4            4            0            6            1            1            7            6            8            6            5            2            5            6            8            1            5            3            6            7            7            4            3            6            2            7            6            8            6            6            6            7    
Nd/Tg  22 :    32767        32767        32767        32767        32767        32767        32767        32767        32767        32767        32767        32767        32767        32767        32767        32767        32767        32767        32767        32767        32767            0        32767        32767        32767        32767        32767        32767        32767        32767        32767        32767        32767        32767        32767        32767        32767        32767        32767        32767        32767        32767        32767        32767        32767        32767        32767        32767        32767        32767    
Nd/Tg  23 :        6            7            7            7            8            6            7            8            4            5            7            2            5            9            6            7            5            8            3            3            3            8            0            4            8            6            7            5            4            4            4            8            7            4            7            5            6            6            6            3            4            5            1            8            5            7            6            5            5            6    
Nd/Tg  24 :    32767        32767        32767        32767        32767        32767        32767        32767        32767        32767        32767        32767        32767        32767        32767        32767        32767        32767        32767        32767        32767        32767        32767            0        32767        32767        32767        32767        32767        32767        32767        32767        32767        32767        32767        32767        32767        32767        32767        32767        32767        32767        32767        32767        32767        32767        32767        32767        32767        32767    
Nd/Tg  25 :    32767        32767        32767        32767        32767        32767        32767        32767        32767        32767        32767        32767        32767        32767        32767        32767        32767        32767        32767        32767        32767        32767        32767        32767            0        32767        32767        32767        32767        32767        32767        32767        32767        32767        32767        32767        32767        32767        32767        32767        32767        32767        32767        32767        32767        32767        32767        32767        32767        32767    
Nd/Tg  26 :        8            5            6            6            7            6            7            6            7            7            7            6            8            7            7            3            7            7            6            7            6            7            4            7            7            0            8            1            7            4            7            8            7            5            7            5            8            8            2            7            5            8            5            4            8            9            8            8            8            8    
Nd/Tg  27 :        2            3            3            3            4            4            4            4            4            4            5            4            3            5            5            4            5            4            4            5            5            4            5            3            4            4            0            5            4            5            5            5            3            6            5            5            5            4            5            5            5            5            5            4            3            1            4            5            5            4    
Nd/Tg  28 :        7            4            5            5            6            5            6            5            6            6            6            5            7            6            6            2            6            6            5            6            5            6            3            6            6            6            7            0            6            3            6            7            6            4            6            4            7            7            1            6            4            7            4            3            7            8            7            7            7            7    
Nd/Tg  29 :        2            3            3            3            4            4            4            4            4            4            5            4            3            5            5            4            5            4            4            5            5            4            5            3            4            4            4            5            0            5            5            5            3            6            5            5            5            4            5            5            5            5            5            4            1            3            4            5            5            4    
Nd/Tg  30 :        8            6            7            7            4            2            3            7            4            4            3            4            5            5            5            4            3            5            2            5            2            4            3            3            5            4            6            5            6            0            3            4            8            1            3            1            4            6            5            5            1            4            4            5            7            7            4            4            5            6    
Nd/Tg  31 :       10            8            9            9            6            4            5            9            5            1            5            6            6            7            7            6            3            7            1            7            4            6            5            5            7            4            8            5            8            2            0            6           10            3            5            3            2            7            6            6            2            4            6            7            9            9            6            4            6            7    
Nd/Tg  32 :        6            4            5            5            6            5            1            5            2            2            6            2            3            6            4            2            3            1            3            3            3            6            3            4            6            4            5            3            4            3            3            0            6            4            6            4            3            4            3            3            4            3            3            3            5            6            2            3            3            4    
Nd/Tg  33 :        1            2            2            1            2            2            2            2            3            3            3            3            2            3            3            3            3            3            2            4            4            2            4            2            3            3            3            4            2            3            3            3            0            4            3            3            4            3            4            4            3            4            4            3            2            2            3            4            4            3    
Nd/Tg  34 :        8            7            8            8            5            3            4            8            5            5            4            4            6            6            6            5            4            6            3            5            1            5            2            2            6            5            7            6            6            1            4            5            9            0            4            2            5            7            6            5            2            5            3            6            7            8            5            5            6            7    
Nd/Tg  35 :        5            5            6            6            1            1            2            6            3            3            2            3            4            2            2            3            2            4            4            3            4            3            4            5            2            3            3            4            4            3            4            3            6            4            0            2            3            3            4            4            4            3            4            4            5            4            3            3            3            3    
Nd/Tg  36 :        7            5            6            6            3            1            2            6            3            3            2            3            4            4            4            3            2            4            3            4            3            3            4            4            4            3            5            4            5            1            4            3            7            2            2            0            3            5            4            4            2            3            4            4            6            6            3            3            4            5    
Nd/Tg  37 :        8            7            8            8            8            6            6            8            3            1            7            5            4            9            5            5            1            8            3            6            4            8            5            5            9            2            6            3            7            4            2            7            9            5            7            5            0            5            4            4            4            2            6            6            8            7            5            2            4            5    
Nd/Tg  38 :        4            5            5            5            6            6            3            6            3            4            7            4            1            7            1            4            4            5            5            5            4            6            5            5            6            5            2            4            6            5            5            4            5            5            7            6            5            0            5            4            6            4            5            5            5            3            2            4            2            2    
Nd/Tg  39 :        6            3            4            4            5            4            5            4            5            5            5            4            6            5            5            1            5            5            4            5            4            5            2            5            5            5            6            1            5            2            5            6            5            3            5            3            6            6            0            5            3            6            3            2            6            7            6            6            6            6    
Nd/Tg  40 :        5            6            6            6            7            5            4            7            1            4            6            1            2            8            3            4            2            6            2            2            2            7            3            3            7            3            4            2            3            3            3            5            6            3            6            4            3            3            3            0            3            2            2            5            4            5            3            2            2            3    
Nd/Tg  41 :        9            7            8            8            5            3            4            8            5            3            4            5            6            6            6            5            4            6            1            6            3            5            4            4            6            5            7            6            7            1            2            5            9            2            4            2            4            7            6            6            0            5            5            6            8            8            5            5            6            7    
Nd/Tg  42 :        6            6            7            7            8            6            4            7            1            3            7            3            2            8            3            4            1            6            4            4            2            8            3            3            8            2            4            2            5            4            4            5            7            3            7            5            2            3            3            2            5            0            4            5            6            5            3            2            2            3    
Nd/Tg  43 :        5            6            6            6            7            5            6            7            3            4            6            1            4            8            5            6            4            7            2            2            2            7            1            3            7            5            6            4            3            3            3            7            6            3            6            4            5            5            5            2            3            4            0            7            4            6            5            4            4            5    
Nd/Tg  44 :        4            1            2            2            3            3            3            2            3            3            4            3            4            3            3            1            4            3            3            4            4            3            2            5            3            3            4            3            3            2            4            4            3            3            4            3            4            4            2            4            3            4            3            0            4            5            4            4            4            4    
Nd/Tg  45 :        1            2            2            2            3            3            3            3            3            3            4            3            2            4            4            3            4            3            3            4            4            3            4            2            3            3            3            4            1            4            4            4            2            5            4            4            4            3            4            4            4            4            4            3            0            2            3            4            4            3    
Nd/Tg  46 :        1            2            2            2            3            3            3            3            3            3            4            3            2            4            4            3            4            3            3            4            4            3            4            2            3            3            1            4            3            4            4            4            2            5            4            4            4            3            4            4            4            4            4            3            2            0            3            4            4            3    
Nd/Tg  47 :        6            4            5            5            6            5            1            5            2            2            6            2            1            6            3            2            3            3            3            3            3            6            3            4            6            4            4            3            4            3            3            2            6            4            6            4            3            2            3            3            4            3            3            3            5            5            0            3            3            2    
Nd/Tg  48 :        6            6            7            7            8            6            4            7            1            3            7            3            2            8            3            4            1            6            4            4            2            8            3            3            8            2            4            2            5            4            4            5            7            3            7            5            2            3            3            2            5            2            4            5            6            5            3            0            2            3    
Nd/Tg  49 :        4            5            5            5            6            6            4            6            1            4            7            3            2            7            1            4            2            6            4            4            2            6            3            3            6            3            2            2            5            4            5            5            5            3            7            5            3            2            3            2            5            2            4            5            5            3            3            2            0            2    
Nd/Tg  50 :        4            5            5            5            6            6            3            6            3            4            7            4            1            7            1            4            4            5            5            5            4            6            5            5            6            5            2            4            6            5            5            4            5            5            7            6            5            2            5            4            6            4            5            5            5            3            2            4            2            0    


***Parents**
#            Nd/Tg   0 : Nd/Tg   1 : Nd/Tg   2 : Nd/Tg   3 : Nd/Tg   4 : Nd/Tg   5 : Nd/Tg   6 : Nd/Tg   7 : Nd/Tg   8 : Nd/Tg   9 : Nd/Tg  10 : Nd/Tg  11 : Nd/Tg  12 : Nd/Tg  13 : Nd/Tg  14 : Nd/Tg  15 : Nd/Tg  16 : Nd/Tg  17 : Nd/Tg  18 : Nd/Tg  19 : Nd/Tg  20 : Nd/Tg  21 : Nd/Tg  22 : Nd/Tg  23 : Nd/Tg  24 : Nd/Tg  25 : Nd/Tg  26 : Nd/Tg  27 : Nd/Tg  28 : Nd/Tg  29 : Nd/Tg  30 : Nd/Tg  31 : Nd/Tg  32 : Nd/Tg  33 : Nd/Tg  34 : Nd/Tg  35 : Nd/Tg  36 : Nd/Tg  37 : Nd/Tg  38 : Nd/Tg  39 : Nd/Tg  40 : Nd/Tg  41 : Nd/Tg  42 : Nd/Tg  43 : Nd/Tg  44 : Nd/Tg  45 : Nd/Tg  46 : Nd/Tg  47 : Nd/Tg  48 : Nd/Tg  49 : 
Nd/Tg     0 :        0           0           0           0           2           3           3           1           2           2           4           2           0           4           4           2           5           2           3          11           8           3          15           0           2           2          45           8           3          15           9           6           0          20           4           5           9          12          15           8          18           8          11           1           0           0          12           8           8          12   
Nd/Tg     1 :       32           1           1           1           2           3           3           1           2           2           4           2           8           7           7           2           5           2           3          11           8           3          15          20           2           2          13           8           3          15           9           6           3          20           4           5           9          14          15           8          18           8          11           1          28          26           6           8           8          14   
Nd/Tg     2 :       44          43           2           1           2           4           5           1           2           2           4           2           8           4           4           2           8           2          11          11           8          10          15          20           2           2          13           8          19          15           9          17           3          20           4           5           9          12          15           8          18           8          11          15          28          26          12           8           8          12   
Nd/Tg     3 :       32           0           0           3           3           3           3           3           6           6           4           6           8           4           4           6           5           7           3          11           8           3          15           0           4          16          13           8           3          18          18           6           3          29           4           5           9          14          15           8          18           8          11          15          28           0           6           8           8          14   
Nd/Tg     4 :       45          43           0           0           4           4           5           1           6           6           4           6          37           4           4           6           5          31          11          13           8          10          15          20           4          16          13           8          19          35           9           6           0          29           4           5          16          14          15           8          29          16          11          15          28          26           6          16          14          14   
Nd/Tg     5 :       44          43           1           1          34           5           5           1           6           6           5           6           8           4           4           6           5          31          11          11           8          10          15          20           4          16          13           8          19          35           9           6           3          29           5           5          16          12          15           8          29          16          11          15          28          26           6          16           8          12   
Nd/Tg     6 :       44          43           1           1           2          35           6           1           6           6           5           6           8           7          48           6           8          31          11          11           8           3          15          20           2          16          14           8          19          15           9           6           3          20           5          29           9          12          15           8          18           8          11          15          28          26           6           8           8          12   
Nd/Tg     7 :       45           0           0           0           2           3          31           7          48           6           4           6          37           7           7           6           8           7          11          13           8           3          15           0           2          16          13           8          19          15           9          17           0          20           4          29           9          14          15           8          18           8          11          15          28          26           6           8          14          14   
Nd/Tg     8 :       45          43           0           0           2          35          46           1           8          36           5          39           8           7          48          38           8          31          11          11           8           3          20          20           2          16          14           8          19          33           9           6           0          20           5          29          16          12          27           8          18           8          22          15          28          26          12           8           8          12   
Nd/Tg     9 :       45          43           1           1          34          35           5           1          41           9           5          39           8           4          48          38          36          31          30          11          33          10          20          20           4          16          14          25          19          18           9           6           3          29           5          29           9          12          27           8          18          16          22          15          28          26          12          16           8          12   
Nd/Tg    10 :    65535       65535       65535       65535       65535       65535       65535       65535       65535       65535          10       65535       65535       65535       65535       65535       65535       65535       65535       65535       65535          10       65535       65535       65535       65535       65535       65535       65535       65535       65535       65535       65535       65535       65535       65535       65535       65535       65535       65535       65535       65535       65535       65535       65535       65535       65535       65535       65535       65535   
Nd/Tg    11 :       44           0           0           0           2          35           5           1          39          30           5          11           8           4          48          38           8           2          11          11          11           3          20          20           2          16          14           8          19          18          18           6           0          20           5          29           9          12          27          11          18           8          11           1          28           0          12           8           8          12   
Nd/Tg    12 :       45          43           0           0           2          35          46           1           6           6           5           6          12           7          37           6           8          31          11          11           8           3          15          20           2          16          14           8          19          15           9           6           0          20           5          29           9          12          15           8          18           8          11          15          28          26          12           8          14          12   
Nd/Tg    13 :       45           0           0           0           2           3           3           1           2           2           4           2           0          13           4           2           5           2           3          13           8           3          15           0           2           2          13           8          19          15           9           6           0          20           4           5           9          12          15           8          18           8          11           1          28          26          12           8           8          12   
Nd/Tg    14 :       45           0           0           0           2           3          46           1          48           2           4          39          37           4          14           2           8           2           3          11           8           3          20           0           2          16          14           8           3          33           9           6           0          20           4           5          16          14          27           8          18           8          22           1           0          26          12           8          14          14   
Nd/Tg    15 :       32          43           1           1           2          35           3           1           2           2           5          42           8           7           7          15           5           2          40          11          33           3          15          20           2           2          13          38           3          15          18           6           3          29           5          29           9          14          15          11          29           8          22          15          28          26           6           8           8          14   
Nd/Tg    16 :       45          43           1           1           2          35          46           1          41          36           5          39           8           7          48          38          16          31          30          11           8           3          20          20           2          16          14          25          19          15           9           6           3          20           5          29          16          12          27           8          18          16          22          15          28          26          12          16           8          12   
Nd/Tg    17 :       44          43           1           1           2          35          31           1           6           6           5           6           8           7          48           6           8          17          11          11           8           3          15          20           2          16          14           8          19          15           9          17           3          20           5          29           9          12          15           8          18           8          11          15          28          26           6           8           8          12   
Nd/Tg    18 :       44          43           1           1          34          35           5           1           6          30           5           6           8           4           4           6           5          31          18          11          33          10          20          20           4          16          13           8          19          18          18           6           3          29           5          29           9          12          15           8          18          16          22          15          28          26           6          16           8          12   
Nd/Tg    19 :       44           0           0           0           2           3           3           1           2           2           4           2           0           4           4           2           5           2           3          19           8           3          15           0           2           2          45           8          19          15           9           6           0          20           4           5           9          12          15           8          18           8          11           1          28           0          12           8           8          12   
Nd/Tg    20 :       44           0           0           0          34          35           5           1          39          30           5          42           8           4          48           6           5          31          11          11          20          10          20          20           4          16          13           8          19          33          18           6           0          20           5          29          16          12          15          11          29           8          22          15          28           0           6           8           8          12   
Nd/Tg    21 :    65535       65535       65535       65535       65535       65535       65535       65535       65535       65535       65535       65535       65535       65535       65535       65535       65535       65535       65535       65535       65535          21       65535       65535       65535       65535       65535       65535       65535       65535       65535       65535       65535       65535       65535       65535       65535       65535       65535       65535       65535       65535       65535       65535       65535       65535       65535       65535       65535       65535   
Nd/Tg    22 :       44           0           0           0           2          35           5           1          39          30           5          42           8           4          48          38           8           2          11          11          11           3          22          20           2          16          14           8          19          18          18           6           0          20           5          29           9          12          27          11          18           8          22           1          28           0          12           8           8          12   
Nd/Tg    23 :    65535       65535       65535       65535       65535       65535       65535       65535       65535       65535       65535       65535       65535       65535       65535       65535       65535       65535       65535       65535       65535       65535       65535          23       65535       65535       65535       65535       65535       65535       65535       65535       65535       65535       65535       65535       65535       65535       65535       65535       65535       65535       65535       65535       65535       65535       65535       65535       65535       65535   
Nd/Tg    24 :    65535       65535       65535       65535       65535       65535       65535       65535       65535       65535       65535       65535       65535       65535       65535       65535       65535       65535       65535       65535       65535       65535       65535       65535          24       65535       65535       65535       65535       65535       65535       65535       65535       65535       65535       65535       65535       65535       65535       65535       65535       65535       65535       65535       65535       65535       65535       65535       65535       65535   
Nd/Tg    25 :       32          43           1           1           2          35           3           1           2           2           5          42           8           7           7          38           5           2          40          11          33           3          15          20           2          25          13          25           3          15          18           6           3          29           5          29           9          14          27          11          29           8          22          15          28          26           6           8           8          14   
Nd/Tg    26 :       45           0           0           0           2           3           3           1           2           2           4           2           0           4           4           2           5           2           3          11           8           3          15           0           2           2          26           8           3          15           9           6           0          20           4           5           9          12          15           8          18           8          11           1           0          26          12           8           8          12   
Nd/Tg    27 :       32          43           1           1           2          35           3           1           2           2           5          42           8           7           7          38           5           2          40          11          33           3          15          20           2           2          13          27           3          15          18           6           3          29           5          29           9          14          27          11          29           8          22          15          28          26           6           8           8          14   
Nd/Tg    28 :       44           0           0           0           2           3           3           1           2           2           4           2           0           4           4           2           5           2           3          11           8           3          15           0           2           2          45           8          28          15           9           6           0          20           4           5           9          12          15           8          18           8          11           1          28           0          12           8           8          12   
Nd/Tg    29 :       44          43           1           1          34          35           5           1           6           6           5           6           8           4           4           6           5          31          40          11          33          10          20          20           4          16          13           8          19          29          18           6           3          29           5          29          16          12          15           8          29          16          22          15          28          26           6          16           8          12   
Nd/Tg    30 :       44          43           1           1          34          35           5           1          41          30           5           6           8           4           4           6          36          31          30          11          33          10          20          20           4          16          13          25          19          18          30           6           3          29           5          29           9          12          27           8          18          16          22          15          28          26           6          16           8          12   
Nd/Tg    31 :       44          43           1           1           2          35          31           1           6           6           5           6           8           7          48           6           8          31          11          11           8           3          15          20           2          16          14           8          19          15           9          31           3          20           5          29           9          12          15           8          18           8          11          15          28          26           6           8           8          12   
Nd/Tg    32 :       32           0           0          32           3           3           3           3           2           2           4           2           0           4           4           2           5           2           3          11           8           3          15           0           2           2          45           8           3          18          18           6          32          29           4           5           9          12          15           8          18           8          11           1           0           0           6           8           8          12   
Nd/Tg    33 :       44          43           1           1          34          35           5           1           6           6           5          42           8           4           4           6           5          31          40          11          33          10          20          20           4          16          13           8          19          33          18           6           0          33           5          29          16          12          15          11          29          16          22          15          28          26           6          16           8          12   
Nd/Tg    34 :       45          43           0           0          34          34           5           1           6           6           4           6           8           4           4           6           5          31          11          13           8          10          15          20           4          16          13           8          19          35           9           6           0          29          34           5          16          14          15           8          29          16          11          15          28          26           6          16          14          14   
Nd/Tg    35 :       44          43           1           1          34          35           5           1           6           6           5           6           8           4           4           6           5          31          40          11          33          10          15          20           4          16          13           8          19          35           9           6           3          29           5          35          16          12          15           8          29          16          11          15          28          26           6          16           8          12   
Nd/Tg    36 :       45          43           1           1          34          35          46           1          41          36           5          39           8           7          48          38          36          31          30          11           8          10          20          20           2          16          14          25          19          18           9           6           3          20           5          29          36          12          27           8          18          16          22          15          28          26          12          16           8          12   
Nd/Tg    37 :       45           0           0           0           2           3          46           1          48           6           4           6          37           4          37           6           8          31          11          11           8           3          15           0           2          16          14           8           3          15           9           6           0          20           4          29           9          37          15           8          18           8          11          15           0          26          12           8          14          12   
Nd/Tg    38 :       32          43           1           1           2          35           3           1           2           2           5          42           8           7           7          38           5           2          40          11          33           3          15          20           2           2          13          38           3          15          18           6           3          29           5          29           9          14          38          11          29           8          22          15          28          26           6           8           8          14   
Nd/Tg    39 :       44           0           0           0           2          35          46           1          39          30           5          39           8           4          48          38           8          31          11          11           8           3          20          20           2          16          14           8          19          18          18           6           0          20           5          29          16          12          27          39          18           8          11          15          28          26          12           8           8          12   
Nd/Tg    40 :       44          43           1           1          34          35           5           1           6          30           5           6           8           4           4           6           5          31          40          11          33          10          20          20           4          16          13           8          19          40          18           6           3          29           5          29           9          12          15           8          40          16          22          15          28          26           6          16           8          12   
Nd/Tg    41 :       45          43           0           0           2          35          46           1          41          36           5          39           8           7          48          38          41          31          11          11           8           3          20          20           2          16          14           8          19          33           9           6           0          20           5          29          16          12          27           8          18          41          22          15          28          26          12           8           8          12   
Nd/Tg    42 :       44           0           0           0           2          35           5           1          39          30           5          42           8           4          48          38           8           2          11          11          11           3          42          20           2          16          14           8          19          18          18           6           0          20           5          29           9          12          27          11          18           8          42           1          28           0          12           8           8          12   
Nd/Tg    43 :       32          43           1           1           2           3           3           1           2           2           4           2           8           7           7          43           5           2           3          11           8           3          15          20           2           2          13          38           3          15           9           6           3          29           4          29           9          14          15           8          29           8          22          43          28          26           6           8           8          14   
Nd/Tg    44 :       44           0           0           0           2           3           3           1           2           2           4           2           0           4           4           2           5           2           3          11           8           3          15           0           2           2          45           8          44          15           9           6           0          20           4           5           9          12          15           8          18           8          11           1          44           0          12           8           8          12   
Nd/Tg    45 :       45           0           0           0           2           3           3           1           2           2           4           2           0           4           4           2           5           2           3          11           8           3          15           0           2           2          45           8           3          15           9           6           0          20           4           5           9          12          15           8          18           8          11           1           0          45          12           8           8          12   
Nd/Tg    46 :       44          43           1           1           2          35          46           1           6           6           5           6          46           7          37           6           8          31          11          11           8           3          15          20           2          16          14           8          19          15           9           6           3          20           5          29           9          12          15           8          18           8          11          15          28          26          46           8           8          12   
Nd/Tg    47 :       45          43           0           0           2          35          46           1          47          36           5          39           8           7          48          38          47          31          11          11           8           3          20          20           2          16          14           8          19          33           9           6           0          20           5          29          16          12          27           8          18           8          22          15          28          26          12          47           8          12   
Nd/Tg    48 :       45           0           0           0           2           3          46           1          48          36           4          39           8           4          48          38           8           2          11          11           8           3          20          20           2          16          14           8          19          33           9           6           0          20           4          29          16          14          27           8          18           8          22          15           0          26          12           8          48          14   
Nd/Tg    49 :       45           0           0           0           2           3          46           1          48           6           4           6          49           4          49           6           8          31          11          11           8           3          15           0           2          16          14           8           3          15           9           6           0          20           4          29           9          12          15           8          18           8          11          15           0          26          12           8          14          49   


