num_vertices=10
Network Diameter is = 2
***Distance matrix**
0  1  1  1  1  1  1  1  1  2  
1  0  1  1  1  1  1  1  2  1  
1  1  0  1  1  1  1  2  1  1  
1  1  1  0  1  1  2  1  1  1  
1  1  1  1  0  2  1  1  1  1  
1  1  1  1  2  0  2  2  2  2  
1  1  1  2  1  2  0  2  2  2  
1  1  2  1  1  2  2  0  2  2  
1  2  1  1  1  2  2  2  0  2  
2  1  1  1  1  2  2  2  2  0  


***Distance distribution/histogram**
Distance : Num of pairs 
0 : 0
1 : 60
2 : 68

***Parents**
0  0  0  0  0  0  0  0  0  1  
1  1  1  1  1  1  1  1  2  1  
2  2  2  2  2  2  2  3  2  2  
3  3  3  3  3  3  4  3  3  3  
4  4  4  4  4  0  4  4  4  4  
5  5  5  5  0  5  0  0  0  1  
6  6  6  0  6  0  6  0  0  1  
7  7  0  7  7  0  0  7  0  1  
8  0  8  8  8  0  0  0  8  2  
1  9  9  9  9  1  1  1  2  9  
